$ANSIBLE_VAULT;1.1;AES256
34336333396565663935653564373234393838653135363231373130626138333562636364613531
3932613732333361366262333830383631396639643033620a613037653730363132353164363438
39323333333932613464646639636165326234336136656435663434626564613830303861343430
3836653261666566330a326263633731363832653637313264623965623834623261353965383134
37663464306662646531633266393137363065373464373139346431363461653038313066316634
35366435396562646663613331363238646466623332306539356532376465663837616232306531
39616337613835666637316662333162643538336462373136356362303463363538376536666330
66663036616263393333663633383733393133336362363362373438353230323139666632356437
62323761623863333437393865653938383535386165303830356131623834346362333864386364
66353033643431303634376337363364336366383564333566333365366234623763326334333565
64636261643835353962663966326462356337323139643462333962303364366462666663346133
37343464366333386561366662366165356439396565653662316136643761366637333336386434
62306337316139623534353034666565373962346537616634336639333437366434366266333738
62313561363131363862636430303330633938356563326363366662306333626265643961343962
30373738393035303766653832646563626265353532316563643662636664383836393433623035
30616430386230353231336334623661326431626338613833313335343133303232633065343261
65653265646561643031313165653965393063366664376362353665303232376664326366323438
65623134636537343265313761373839383465613635653863653561346163383263303633333238
35633136623835313036313561626264366661386437643830353664663039376564666565366364
39333132353334623538353434633431393039333638663130623961396636636665323463356236
62613734626465323666663732653363633966633666373162363337333861396637316532316430
33366133393764383435333334323237656431666631393036386233613966376464376162393365
62386436663863366665353138623864323636386131663434333233663535323562343739336234
32353662343434616335353431613736343564326337656234346137333365313564376638623537
63393865373933333532393532303265643631396463316637346332616565363733313837636364
64623363383633656537323330666565656331343332353034333835376139633638303838333365
36323861326466626432316439663535343433656539636263336430373937326439303031653334
33626463623364353362386331653336613665646161306261653430623661623736646366663864
64323439623633343561373238653266393537653666363736656238386266393430623264313865
64386561396264333638306332623533356632313934326165626663646335353766646463616431
38303933633561396338666263333163656237363466393165643337653434613864313166363431
64373163393061336563373431316130356261646332383964316664353832303461343361336135
37386166323365333862303233396633333032336563356531343431663035313663613937623839
32373731636363313661343761386135613361333632303561333366393865343739376466383634
34656239626563373731396530336432373139336438656632623161336133646539653064613232
39393166626565303761396464386564313638626433646338333465313730323638616264666537
34633330386439353666343235303162623236323530383834616365396430623763303935346466
34303037366130636133326234653531666633363739353632643966333532316366306363376439
34376335643731626361326139633831346431633330646332356131353432303338623434306230
34333033623430333633306535666563346230333133386237376635643636623061363131666239
62376231653964336562326336663765653539303535356335646439626435653134366538346138
66623438333062343137613864326332386166373764373361633930353162393933363065323134
39646564373964633032396465663036616430333166356265393061313966626231303237666635
38346635656335623431663863363238653864653231373637626636333061646266643432633861
33636564363733346138386436663362363138636538643537356664643361643834303431333033
38326337353961383536353962623934613733303838383965363361623431313761353664313836
34633963393236623130633339313739313736663537303838303039383637343564336131646438
33643837313437653130333134373262353063653334613731366539383964633532383839653265
32326236353738623335623662313966313232643232633936393737353462306561613437366332
33386461633634383165373361353733656565623039626436336332323565353461613366323939
61623531386137393562613938333962366134306563623162646633316535613064363761333937
62616434303461633138323766666330613866666339356365313135666662643836626536626332
30636630653334643761336637383334616534373231663164663061336330353330303165653430
38636637313164383539613232373366393662306464356561366161393564613163393061343330
37336464626433633037613161656366343433323432383338333264663763353766373433626562
62346330386238396664383130633365613264343835333433333861373838646662363331313062
64303438393839303431623464623437313833326162326463663534613339376662666339313361
61306637653661343535313030343563636337323837376435376464653932393263623461306438
30303366656234316238393337653863366565363134356664376339303966396237323439386630
33363930353861646537303933393234666163353566646631303734376637656335643563383434
38663538303637326134386664303930306336396261633630396466626162623930363335383334
39353062303264666236356465653036633862343937313335643161353664333539323465653165
61383630646330303534356534663232336661643037373538653561393238626330393437333739
64666132363337616231613962323731633531306261383539343065333331373436666562353731
33376135636364623964353366393138333230653632653930653164346334613731623734303536
63663963356532376433346135386336323762363461386363313436623138623330666334626139
39396530303064323936353230613364616365633266303135393133333366313361666633653136
39326464373137313737613461666536393165363230323066323139363161386663646162663165
62656565643138313061643331653330626266323932666439616562333263626639666132306433
30393062313237363163636435343136383161643265643039303632373833363761636662393233
62353464303662333239306466633164383761316632336661373131333466393535616532623532
66653235386662373266343564613836366133343032363232323032313361373362396165353130
64656535366464663962396636363032386537623761643236383262376436643036376264323335
31393066616364323161343966663739396134613739613966666132343863333836313466353035
31316237383335316261616662653435356335323237373830663939313934636363346233313862
32313961393638376138396531663338623466356664616631623636643633313538313062666430
30616433323865373231636535386335353239333039323665633434303262666661646635633031
64366438633931306437626230346636393862303165396365616433303834376138303335616461
36313361656264633835646461373037613537363736383636366161313634323130373430303564
35363531323864366662313034616262316632663638633135613463306236343936313639636566
38396461333232316164613961656637656233393863663562343239363433633865613434386535
35303761363338333336383238346136653862646435323765316265653966373136613337633737
33656564306264333331663133386164626230663739643833656261346264323337323932633763
39663065393239636432306633316536366235636430383239303839613537386338343062376438
63333762636665613736666536333238663632313835373534346566373535306431393435383035
35656266656336633564656665663237333737646539623964376165333761633330643639646332
65333366653334343161326633303435353462323463326263623139663733373731363231656438
33656631636366633733353136393231323666383634663035386630343539323033666463333339
61306462343433323266666163393537663265393933313035633363626236363366376539336664
30663831363833356233306437303435306536363961313536376238323263356232623336336263
35623536356162373163616438386261316438313661626438393162343430663331636632636564
36326564376631323663306235353161656662366636333261393034356338366665373732313963
33613439373232323761323132303831616662666634346434643634303038633537653739386237
34333661313738366363376133363164336337316565626238383766346530396530356366396235
37393736666631393165386463653631653830373263316364363461633361373937396237376162
64323236333736623839653864333138373334363038633930643063636564393032323365636237
62653438356335316464346435613861343933316463613139343239376462633162343336336539
61323338613935663163333862626266343062643538313533616237373461613366363735346330
35343032363730323030346237303638353430343465326234363231303734633364663839353935
34626335363538373837383935333738643738656564623337333438646463396662386438393861
64383534356437643838366661636332383331643737346635393532353635353037316234613739
64366635666531313935386135643565343865623263636235333031656562373337313032396365
66616130613638303030333864643065313234623738363163333937643665363861383965373262
64363964653436343637636138383132616464383036333337376366666333386535373631343161
31363433366566363631666361343234376137363536373439616464663464623866386634346238
37666634613663653933646135343064313965343166376432363235396131323834656361373535
30636134366434373336666563646661383261373163363366346438616432346564336465633531
62366135316132303336306534656635386533386664656361376162323261303638306639363335
66396433353361363735623265653838383063626631626365666264646361613132346634613630
30386666313839623634663166646435633762366638636264666463313435343537343838353139
34376137383263643966653861396363326237653732646666316535346532333465616533626464
30313366353330623233346361626230303063306362383035373363306363393838376233303866
32333334333666326364386439333732306565306463393432333834613261333866643061623937
61326664633464393665393864336165333764646133636235373466353166623462626530333332
30393239353566353437323439656630623561346462356339623330643137656334613139323861
63653134656437323762393838343237623133336566663364613766626232316335346635373135
61633538663461373438393338633439323765363037633030383662313734356537653935383532
39363435646634643531653563343862336430623930316430626134653133333930313035623462
38633634346665383566396336353866643839663334343830623330363238336237366362363535
36663962373538333233663861313137623033336535316634623137353565303339356237336231
35623365613537623830663038613636386336643561663938323361363762333032336530323632
31316565353738303637373063656438613063393365303432383462333261383031376536626238
63366334366231653963303339646162643065356365666130613735316133363063326235636237
39633565373037613862366237633230633532323236303734613661663037353632336637303264
30333337376639376336643265626536643762353664626236383365393033343132366334353032
37386433343933366161376431316231323132363661656430366232356634383033643364396234
36643963353863306464653366313861323464316239633365663766353432383465353033333462
34343163343030386262363138623163393461303231333039303961653761633235313266666337
64626161336363366364663733373466613064663833366430653665303262623738303666646135
64643162343136656135653332383365653633663534616163313933353665303463623062663865
31646464356263626234356638623833303263323661646530376138626533313831336431656664
34366662323631633165383033323931393963383230616366333562303930653932333238313034
65613264376563656437643230616564613766643933646132623335656237633561303065666531
62366566356639623961316462653230356536663163636366383665646563363531363631626465
63383866313063646562306132646566303139613862376434613935306166353433393564353265
66336436373735323332376336646264353461323734356332303332656663326137643566623466
37393834663731663063383866653262646263323839306531616530323866663864383263643238
66373463623032343035613230616365646232643362643763663933333365333833333932343033
366238663065643236656163633363653766
