$ANSIBLE_VAULT;1.1;AES256
66383863646532656365663463363665373135376330373439333865633433333533663039623662
6538653738626566633238343933383730633237626564660a353664326339653437393532633339
33303361306337633536323837366238343434356465663464616236623966333161646364613537
3562366635383837390a653636616237363532633036623932306664396432356438383331643364
37323565383934613539646130326434363665626664306536383864316232613238373637666266
30343737323962346439653762373666303534656231643936333266303466303638646231383134
35636432656664353035663935306630666265313863633866656536303131326535626136633532
37333862646438356336653635636537653437373666336437623830306537313962626134623635
33366333313164613839336537643331613930653464326138656463393633663966373336653730
39636562333162633035393562663066323965363233663435633936353436306563363362663438
37306531363230313939346334616130653163303632383665376534313138373863366631323664
66313465636165366261633361356462353630346262343065343337653238636639656538643736
64333161316164613266633266353066343966643562336364366138623033656435306538396264
6161646266393464313036666538653838613935636539663662
